  9455
-12738
  7261
  2563
  4860
  6272
-10047
-16496
  5943
 13870
 -5254
  2781
 -6935
 -5377
 10401
  3087
 10764
 11310
 -3891
-13196
  2828
  5858
 10878
  1578
 18694
 -8766
 14389
 -9289
  4613
 17464
-17952
  2314
  5079
 -2027
-11004
   -33
-12967
 -7711
 -8732
  7781
 16160
  2471
 -6147
-10258
   333
  7249
 -5588
  -451
-12106
-15652
  5977
 -3308
 -2487
 -3916
  8222
-14715
  4496
  2220
  9404
 -2990
-15366
 -3517
  6089
-10254
 -5871
 -3657
 10041
 -2253
  8136
  5947
  7620
  7952
 -8202
   742
 13475
  3339
 12657
  9909
-16514
 -5112
 -5223
 -2159
  2801
  -253
  9737
 12904
-15813
  5345
 -7917
  6018
 -1536
 -6848
 -3467
  -684
 15547
  5634
 -8962
   910
 12759
 16679
  2815
 16626
 -8575
  7393
  1663
  7022
 -6266
 -1126
  7653
 -2693
 -9681
 -3543
 -4468
-12490
 11776
 -6250
  5004
 -7062
  6953
-14314
-11048
 -7794
-13570
 -7263
 -2012
 12886
  8570
  3068
  9830
 -4662
  9172
-10524
 -8631
 -3442
 11111
 -4977
 -7648
 16509
  -717
 12785
-10177
 -4938
  -437
  7550
  9188
  3920
-15884
 -3532
  8735
 12896
-15431
  3145
 16546
 14471
 -6837
-12877
-11830
 -4897
 -1703
  4113
  4339
 -6734
-17918
    33
 -3062
  -114
 10086
 -9825
  3028
 -8396
 -2813
-15549
 -9996
 11331
 -3142
  6805
 -9873
 -1721
 10944
  4536
-13844
-16053
  3246
  1300
 -9499
  2501
  3289
 15865
  5991
 10630
  9423
  2321
 -8211
  8567
  6440
  5975
 -8739
 -8552
-17981
  8561
 -2575
 -3576
-10743
  4211
