   984
 -1574
  7574
  9755
 -4979
  1272
 -1129
-10090
 -8070
 -7790
  2118
    26
-13507
-10839
 14749
  -419
 -1879
 12315
 -9282
  -724
 -1655
 -7202
  1918
 -2893
-10094
   134
-17823
   222
 -1007
-20569
 11262
 -7471
 17542
 -7888
  5226
 -7886
  8974
 -8179
 17876
 -8826
-10791
 -1344
  1172
-14520
 13496
 11708
-17022
-10566
-16520
  3613
-18347
 -8357
-13609
 -4668
 13245
 -5112
 -9187
     6
-10328
 -7693
   328
 10854
 -2281
 -2182
 -8206
  4936
  7012
 21970
 15274
 -4738
  1395
  4890
-10671
  7973
-10178
 -9388
 -2967
 -4415
 18469
-13875
 -7956
 -4954
  7432
   902
  -196
 -4146
-20354
   914
   210
 15702
-10307
  1926
   718
-17025
  -737
 17320
  6616
  5307
 -1052
  9157
 -3048
   775
 12025
-10567
-10696
-22436
 16837
  5144
 -8494
  1799
 14982
 -2309
 -8659
  -186
 -6727
 -6980
-31643
  9390
   -29
  1768
  7314
  3429
 -4965
 -2442
 -1660
 -4830
 -4859
-20075
 28810
 -8764
  9812
-13993
 -7617
  4543
-12932
 -6290
-10788
  3712
 12147
 -3683
 10348
 -8990
-18492
    15
 11645
 14979
 13661
 -8401
  5831
 -3440
-10542
-12099
 -8563
 -8714
-15103
 -4114
 -8365
  2271
-23022
-11935
-13015
  -807
-13166
  3327
 -3348
 -2595
 -6116
  5906
 15934
-12521
-14799
-10260
 -5601
  2902
 -3000
 -3773
  2636
 11842
 10296
  8602
 12163
  3958
  6368
 10023
-22195
  8109
 28449
-24011
-18884
 25931
-20814
 10655
  4633
 -1494
  -243
  7632
  1621
-17090
  -746
 -8201
 -6202
  9455
 -3736
 11887
