   973
  5141
 -9102
 -4743
  2324
  6607
 -9447
 -4589
  5401
  6181
  5033
  -433
  -596
  3221
 -9067
 -3488
  3306
 -3171
-14626
 -9203
-10056
 -3911
  5947
  9474
  5630
  3224
  5989
 -1203
 -8214
 -5578
 12525
 10536
  5455
  7082
  -579
 -3154
  7736
   361
-16962
-12960
 -1472
 -3064
  2866
  3634
  5246
   684
-10506
 -8521
  2180
 -1694
-20230
-11582
  9415
  8253
 -1081
 -6575
 -1801
  1309
  2908
  2238
 -4521
 -2836
  2752
  2892
 10573
  4355
-12369
-12423
  4820
  3806
  -880
 -4150
 -3726
 -9690
 -6376
 -1105
-13000
 -5436
  2645
  9460
  2938
  -483
  3247
 -1760
 -1175
   175
 -6282
  -298
  1476
  4265
-13617
 -7081
   832
   710
   857
  -722
    16
  1812
 10317
  3554
  2388
  3510
 18672
  7588
 -1415
 -1195
 -6502
 -1452
 -3370
 -7897
  6723
  5010
  5026
   657
  4871
  -579
-10159
 -3263
  8871
 10558
  4724
 -5400
-17803
-12367
  4734
 -2948
  -637
 -3744
  4130
 -4663
  3109
 -3041
 -6019
  -320
 -3813
  2181
  5736
 -1543
-23507
-15006
 -8627
  1518
 12396
 12010
  -531
   569
 11896
  6210
  4550
  2861
  -743
 -3965
   405
  4196
   590
     1
 -5184
 -6366
 13922
  9566
  8487
  3871
-15617
-12023
 -9197
 -5032
 -3972
  3952
 -3997
  -877
  6467
  4638
 -7847
 -3347
 16252
 11570
  2805
  9032
  7850
  2183
  2142
  7072
-19012
 -9529
  2016
  4181
 11412
  4854
  3373
  4796
  2116
  -834
  2970
  2772
  2248
  -907
  4504
 -4050
 -9713
 -8411
  9769
  2709
 -3010
 -8267
