 8133
 -5638
 -7346
 -28044
 -1352
 14692
 2229
 15178
 19715
 20555
 2636
 21622
 -19469
 -28678
 16774
 -28405
 -18424
 -8936
 -27742
 16881
 -6784
 -31169
 17622
 4294
 -7570
 16757
 -3074
 20923
 4761
 -13894
 10947
 -14917
 -18561
 22486
 30004
 -29337
 562
 -17396
 13355
 -9416
 15049
 3836
 2888
 8103
 -29496
 21152
 7824
 -11334
 -10041
 27427
 -3788
 18195
 1214
 21300
 25648
 -1216
 7738
 26533
 12625
 5220
 26849
 -7357
 5192
 18011
 4949
 5025
 830
 11583
 -23870
 8302
 -18070
 -285
 -15489
 -14890
 26150
 -18648
 17473
 -11417
 -1182
 25596
 -24525
 -9260
 9894
 9096
 379
 -31306
 -29991
 -19551
 17175
 -15527
 -17796
 -12175
 -12847
 -17967
 -8785
 5181
 -4152
 -10597
 -2240
 12243
 5200
 10916
 -14678
 -30303
 -29107
 14647
 -12537
 -3110
 -17846
 -28421
 17518
 -10966
 -31922
 21210
 -15114
 25059
 -3380
 10220
 22061
 27951
 -2841
 -13660
 -2769
 28306
 -8685
 19708
 3464
 1641
 1958
 17681
 2251
 -14157
 24973
 7613
 28362
 -21660
 32584
 25147
 -7409
 7011
 -26494
 -7357
 -19774
 1354
 -20242
 -14354
 7805
 6851
 4966
 -14508
 27522
 3282
 791
 -2389
 14799
 -7798
 -4515
 -19384
 -30117
 12692
 31235
 13876
 -3246
 -9832
 30487
 -2712
 15140
 15820
 8971
 23085
 4692
 10691
 2359
 -13257
 15332
 15947
 15288
 -23185
 -13739
 6283
 6186
 -423
 -14918
 -1724
 12004
 -13304
 -12196
 10990
 -704
 -20505
 -14006
 10012
 13076
 3316
 12327
 -8270
 32201
 11017
 -11250
 -32223
 -927
 -29047
 -16503
 -5093
