 -6564
 2390
 -7811
 -4777
 6076
 -4641
 6010
 7028
 -6520
 -13459
 6557
 -7528
 -8355
 15438
 -19379
 -5769
 -1053
 12740
 -12231
 2189
 14086
 -7058
 19334
 11236
 -5286
 -12388
 2537
 -4997
 -8609
 5531
 -13464
 -7247
 9766
 -297
 12347
 7904
 9120
 15798
 -4662
 9437
 7645
 8268
 80
 7334
 10498
 9641
 20
 11436
 13250
 12832
 1311
 14025
 2465
 -7731
 7069
 1205
 -7534
 14304
 -16087
 -6430
 2008
 7686
 -5601
 2940
 -2148
 13074
 -14250
 1124
 5686
 4100
 804
 5432
 6886
 -7095
 14639
 4537
 -1306
 -8432
 6049
 -2351
 17369
 1374
 18283
 14982
 -7107
 -9026
 -846
 -6451
 14309
 1996
 12956
 13054
 3741
 3175
 2497
 4414
 -8453
 -8940
 -2630
 -8843
 -961
 -2040
 -61
 -1690
 6326
 -9758
 12771
 5983
 4727
 -4721
 6214
 5061
 6581
 5677
 582
 7857
 -1855
 4419
 -8633
 768
 14567
 -14240
 23778
 12055
 -10137
 8275
 -18098
 -6460
 6784
 7616
 -1626
 6671
 6654
 -3626
 8464
 5907
 -8958
 -10642
 1672
 -9528
 -4403
 15821
 -18024
 -2220
 -7771
 10647
 -17649
 -6695
 3270
 -4103
 7312
 1036
 14754
 -10996
 21759
 12294
 -10588
 -1318
 -4633
 -11532
 24310
 -5626
 25607
 21423
 -13759
 9
 -10822
 -13650
 5240
 -11038
 13141
 4195
 -4566
 -137
 -8272
 -2542
 -2100
 -9001
 5166
 -3888
 6644
 -12397
 18159
 4307
 -12071
 10201
 -18304
 -9404
 13804
 9808
 6182
 14142
 -3567
 -4983
 -540
 -2269
 -15907
 4787
 -18064
 -14066
 9437
 11090
 -5
 10795
