 5519
 1600
 -7573
 13287
 21079
 -5465
 12632
 3728
 12943
 3797
 812
 -714
 -11444
 -694
 4807
 -12171
 1447
 4488
 -3106
 -2614
 -3916
 -2031
 -5839
 -21489
 -7325
 -5166
 6875
 -8117
 -16498
 -12184
 6206
 -25846
 7478
 7116
 -2258
 3322
 -15012
 -10727
 6392
 -13876
 6677
 856
 454
 4060
 -8358
 3852
 -503
 -9145
 3105
 -9837
 -9284
 -5320
 -3316
 -2978
 16747
 -268
 9906
 14978
 -18400
 -3352
 -10198
 2611
 -2446
 16885
 -617
 12317
 2654
 10751
 3078
 700
 8274
 4634
 982
 4842
 10687
 -9825
 8574
 7494
 -4487
 -5442
 803
 -10304
 6003
 15058
 -4024
 -6016
 -435
 1824
 11632
 3737
 -12796
 12038
 13396
 -3342
 -24050
 10052
 -10782
 12351
 2479
 10077
 2835
 -2724
 -18976
 12900
 -18996
 -8492
 8584
 -9363
 -822
 -1533
 578
 -8132
 -17141
 -1162
 -3099
 -380
 -16509
 -11619
 -2633
 2959
 4387
 -10379
 -9372
 -5603
 -4699
 -13050
 13557
 -18954
 -3290
 -3531
 404
 -793
 -10229
 2871
 9887
 -25406
 -6019
 -6704
 14573
 -13130
 -1904
 12270
 -6856
 -15482
 -10893
 1071
 5159
 -1527
 3245
 -1906
 -6269
 -1596
 5631
 14724
 5454
 -5854
 1298
 -25638
 21683
 10688
 -10886
 6072
 5410
 9328
 -6326
 -21234
 -16712
 6600
 -1278
 1849
 -21624
 23194
 19877
 -7895
 -10432
 -2744
 -21388
 9977
 13886
 13454
 595
 -3893
 -14685
 -6729
 -1899
 -6967
 2996
 -17604
 -4624
 4062
 12831
 -14552
 -16252
 -924
 11225
 16592
 9599
 -3099
 -382
 -6767
 8998
 -7837
 18511
 5138
