-10211
-21458
 -1996
 -7754
  -967
 -3537
 -5384
 18491
 26775
 -2012
 -1547
 21405
-13215
-14594
 32615
 23819
  3183
  9185
-17514
 10971
-13349
 -7856
-15411
 -3397
-12721
-19174
 31708
   209
 17776
 -6250
-12614
 -6131
-17751
 20738
-25913
 20375
-11694
-13605
 -2945
 -1686
-11100
 20709
 22701
  6602
  2822
 -8083
-14190
-11909
 13288
 10204
 -5823
-18880
  3795
    11
 -2768
 -9187
 -1974
  2809
-15071
  6412
  2691
 -8054
-29978
-17822
  5685
  1691
 21754
  3844
  6231
-30639
 21318
 11846
  3242
 16287
 14610
  8138
  7483
  6137
 16803
 -2492
  5981
-11797
 25098
  8552
 10858
 20633
-22645
 -2802
  1530
 -5947
   883
  5856
 10143
  9387
 -8583
-15681
 -2465
-12404
 -1006
  1127
 -4061
 12782
  1814
  4138
 14432
 -5200
 -3108
 12121
-24359
   198
-21248
 12848
 -1268
  3471
-26562
-21836
  1323
-21120
 25629
 12792
-13661
 -2544
-13618
  7347
 14326
 -6731
 15303
 -2499
 -9714
-13261
-10896
-17687
  4611
  6831
 13029
-25681
 -6376
-17826
 15912
  8286
 -3629
  -202
-11718
 21538
 -5982
-14163
 -3408
 -1156
 26897
  7173
  1552
 16848
  3782
 -7120
  -328
 10222
-10325
 -6941
 -8904
 -4797
 -7357
 23409
  9479
 18951
 -3796
 -6993
 -3687
 15490
 29078
 19814
  4075
 -7897
  9264
 18691
-15018
-16870
 -3209
-13405
 -8410
 11684
 -4893
  1243
-10018
 15656
-21982
 -6781
  5218
  4325
  5049
  -532
 -8290
-10941
 -4974
  3327
  9570
-29103
 23282
  8739
  -565
-13584
-13534
  2559
   108
-22355
  7960
  7496
-13579
-12258
  7325
 20724
  5666
-23075
 -9389
 21235
   399
  6286
 15082
 -4635
 25228
  4323
 18224
-17367
 -6293
 -3744
   315
 19585
 19583
-13533
 21120
-17917
 10352
 31787
 25869
 14086
 -7419
  9147
 12454
-18367
 -3855
-23209
  6116
  2918
 13344
 -9566
-19796
 23867
 12965
-15644
  4595
  8346
 -5966
  5856
-12267
  -720
 -8866
  8021
 10630
-13737
-15263
-30945
-22538
-17576
  -453
 -7427
-21213
-18402
 16716
  2357
 10011
-25782
  7437
 29855
  5119
 -6705
 13075
  6789
  8611
 16754
-22688
  6844
  5302
 -8922
-15025
 18292
-24582
 15743
 -2191
  3679
 12361
-11414
-26839
 15828
   672
 14874
-21423
-32210
-22025
  8745
 -6249
 -9839
-10885
 -6882
 12372
-12655
-28515
-21652
 -3842
 -5683
-11993
-14456
-13000
 16326
-18298
  -695
 -7290
-14172
 14247
 13346
 32624
  5870
 -7472
-15135
-23336
 -4201
  2340
 -7178
 11129
 -3766
   744
-15254
 -6686
 15309
 -1820
   392
  6661
  6118
-14401
  -152
  2388
 15968
 -3768
   454
 18000
 23476
 -4726
   567
 -8559
 18125
 10756
-16028
 -5629
  5626
-15011
 16571
-25743
  7139
  -295
-22569
 -2440
 -4996
 25935
  4025
-14958
 17381
 21566
 -8783
-18245
 11716
 32474
  8622
 17244
  3657
 -7997
 -1865
-13765
 13665
  2634
 13617
  6209
-22823
 -3417
-14725
 -7346
 14130
-15923
-14746
  1763
-13648
 16171
-22959
 -3392
 18345
  8244
  -674
-20208
  8930
 -1321
 21655
-16719
-12197
  -525
  3233
  3275
 17013
 -3950
  8246
  5872
-16370
