  -764
  7196
  2464
-13747
 -4039
 -5112
-21808
   118
-22998
-10240
 12013
 14794
 25024
  3965
  3608
-13932
-20400
 -9095
 16721
-21726
 20258
-16442
-18188
-15913
  8580
-30767
 12643
 14774
-13420
  1374
 -9902
 -8429
-17621
 -7599
 13103
  4813
 14918
  5904
 15193
 -5792
 18624
 -3344
-15284
 -1419
-20594
  3308
-16425
 -7185
 15556
  2637
-16554
 -7884
 -2772
  9397
 14070
-31628
 22575
-31542
 -3353
 -1692
-20995
 10673
-15468
 12149
  5832
 27067
-25128
-16171
 -5332
 -1833
 -4801
 15627
  4679
 -7508
-29868
-17569
 -5787
 10512
-15232
-12936
   738
 -1856
 -6243
 28859
  5405
  6431
  2576
 31280
 32363
 15205
  9339
  6176
-31513
 -3382
 -2432
  7478
 14612
-29487
 -2905
 -5557
-19768
-23584
 -3521
-10332
 12175
 -6191
  7008
 20441
-14216
-16897
 18615
 -3342
   814
 21055
 28360
 10726
  9614
 11567
 25885
 -8088
  6724
-24436
-15976
  8565
-16922
-22972
  -874
 14013
 -7945
 26247
 10723
  -659
  2671
-30690
 -2307
-14618
 14618
  7120
-13217
 12633
-13299
  -225
 22439
 19907
 12055
 16222
  3086
 12992
 -8825
 24662
-13078
  2909
  8011
-29769
 28036
 26943
 -9335
  -699
 -2102
 -3565
 -9627
 23641
 12683
 18850
  4546
 21694
-20693
-23529
 17396
-14244
 -7115
-16737
-16492
-13185
-11938
-14057
 -2498
 16505
 -6017
 18013
 -2233
-24036
 17935
 -8352
 -9422
-14574
 -7778
-32703
  8788
  5198
 30466
  2508
-10017
 15109
-14220
 -7412
  5835
  7143
-32370
 25983
  4027
-11632
  7952
-11221
 -3254
-14634
  1348
 -4967
  2699
 -7649
  7774
  9843
  -685
  8365
  4230
   596
  5130
 28116
 -8314
 30691
 -9660
-21250
-16641
-28449
  1094
 18111
  2773
 10624
  4245
  7874
 22304
  8538
-20794
 12363
-15131
 32149
 18929
  1060
-28478
 10817
 17346
 -2315
  4355
 17945
-13940
-15734
 27053
  -487
  2031
-26576
  5756
  2454
 -7400
-22898
-30370
-13345
 21726
 -7749
-19520
 30294
-24686
-23271
-13679
-16058
-18217
 15210
 20668
 -5351
 20840
  6194
-18167
 -2902
 30216
  5602
  5907
 28121
-31749
 -1239
 10443
  6709
-15919
  7602
  8242
 22108
 12498
  2980
  4654
 26069
-26527
  7545
 -7390
-15870
 19562
 -7497
-17018
 22777
 17476
  -413
  -111
 23465
-20141
 -2028
 17541
  4245
-15914
  2072
 10841
  7945
 14857
 -8041
  1050
  8519
-16648
 24884
  9411
-24509
 16764
-19711
-12334
 25878
-15036
-24975
-11429
-14910
  9479
   284
  -978
 -9065
 10575
  9239
  8972
-15198
 -5511
  2499
  5043
 -9842
-14750
  1121
-13192
 14344
 13412
 18809
  6554
 27119
  5936
 24047
 15681
-13935
 -4049
  7268
-22489
  4584
-23036
-21303
 14670
  4364
 23049
  6241
  6612
-21241
 13694
-24769
 11023
 -2077
-15381
-25954
-18485
-31291
 -1149
-20358
  3141
-17659
  8290
 29265
-14356
 -1340
-29007
  6615
   382
 -4775
 29429
  1931
 -8080
 13976
 -9051
-24372
-27521
  1530
   322
  4901
 -2961
 10628
 -3093
-10681
-10471
 -7862
  6094
-13514
 17377
-14850
 17629
-29106
-16642
   321
-17094
 -2698
 -9165
 29388
