 14140
 21217
 29541
-19620
 -9761
 18490
 20701
  -910
 24123
  9769
  6013
 14387
  2530
 25691
 22763
 -6074
-12897
-17814
 11748
   908
-32176
-20412
 -3717
 -9444
 11926
 13750
 -8476
 -3764
 -5160
  5143
   862
  3437
 -8000
 19625
 -8393
  -706
-18585
-21550
 27860
  -831
-27310
 18374
  9191
 -4419
-14070
-10054
 -6231
 -6531
 20691
-11743
-17683
 -3452
  3482
 18289
 12847
  7549
 -6649
-18505
 11126
 -4859
 -3541
-14650
  9157
  8638
  9161
-11300
 -3799
 16284
-13559
 12683
 -6561
 30331
-25687
 15003
-24600
  1741
-18813
 15281
 28378
 15007
  6522
 21557
-17063
-32543
-18829
-17281
 31768
 -8207
-15854
-22737
-20526
  7609
 20818
 -4950
  6989
  7415
  6813
 -1496
 -4538
   317
 15690
 -2088
-10604
 15765
-12188
 -1444
 25916
 18775
 15077
  6650
  6997
-12626
 -1521
 -9910
-16784
-29816
 24571
  2513
-11325
-10298
-11956
  2916
 22851
  9897
 -5532
 -9566
-16965
 31849
 13629
  1786
 24695
-14611
  9882
 21064
 -8369
 17146
 13175
 31972
-13395
 28280
 -1561
-16836
 13053
-22678
  4986
 31968
 -3421
 -9196
 -1309
 20346
  1714
  1400
 29513
-17375
-24585
-21505
 11593
  7030
 -7613
  3018
 -8646
-14520
 26986
  5359
-18542
 -6944
 -7900
  6784
 27287
 -6665
  9543
 11306
-19996
  6725
-28717
-22903
 20999
  5927
-11961
  4634
-20981
 17068
-12607
-24325
  6444
-17798
 30802
  1199
-17755
  4398
 24758
-16902
 -5572
 15813
 28109
 12194
-15398
 18858
 -1472
 -5824
  4448
 10928
-13275
  2730
-16625
  9513
 -6239
 12213
-28916
 11578
 -1992
  6526
 -7471
  1777
-19997
-31344
 13756
-29609
 21108
  5220
-20405
-29566
  2285
-10052
-29216
  4210
  3164
 23118
   945
 22760
-31487
 -9636
  9138
-12972
  9667
-29242
 10990
 -2332
 -8436
  2682
  8187
  8518
-14469
   480
-14809
-14378
  7471
-16765
 -3423
 22285
 -4465
 -8430
 11179
 12729
 -6805
 -1602
  8058
 -2840
-10211
  2447
  3645
  6276
 12961
 10153
   139
  2711
 14587
  1730
 -2016
-19257
 -3360
-12120
 32346
 29015
  6829
 -5734
 29790
 13253
 20902
 -3197
-19929
 -6508
 -2109
  3533
 18157
 17791
 19513
-12607
 -5138
 -3750
 -9682
 19247
 -1260
 -7326
  7088
 -2372
 16959
-18737
   228
  3737
-32173
-16606
 -3835
 -2377
 -8923
 10794
 18335
  5812
  5360
 10926
 22796
 -8629
-25503
  -934
  -338
 14714
 15738
 -7982
 -3649
-12942
  6340
  9441
 25587
  7968
 19037
  2613
 21819
 -5285
 -7995
-25087
 11997
  -347
 14069
-18811
-15742
-10937
  4960
 23889
 14989
 20575
 15306
 -8505
-19715
  -870
-20453
  6957
-25890
-14476
 26341
-15571
-13685
 11634
 23041
  1128
  1831
 -9119
  -706
 20808
 30840
 20998
 19059
  6093
 -3182
-15913
-15236
-10732
-13560
-13529
 -2838
  5753
 30774
  -973
-14827
 -5446
-20567
 16569
 10735
 -8901
  9126
 -3775
 -1494
 12736
 11795
 11557
  9244
  4297
-20487
-18390
-10791
-11762
  2274
  7778
 12977
-12695
  4055
 -8382
-30234
-19313
-14548
 -8098
 18621
-32346
 15922
 32454
 21504
  2105
 -3247
-19245
